1 2 3 1 4 5 6 7 8 1 2 #1 9 1 10 5 11 #
1 2 3 1 4 5 6 1 12 8 1 2 #1 9 1 10 5 1 13 1 10 #
1 2 3 1 4 5 6 1 12 8 1 2 #1 9 1 10 5 1 14 1 10 #
1 15 3 1 4 5 6 7 8 3 1 4 #1 9 1 16 5 1 17 #
18 19 6 1 20 21 3 21 #1 9 1 22 5 11 #23 #24 #1 25 5 1 9 1 16 #1 9 1 16 5 6 1 13 1 12 8 3 1 9 1 16 #1 9 1 26 1 27 5 6 1 13 1 12 1 28 #1 9 1 26 1 29 5 1 25 #23 #23 #1 15 3 1 4 5 1 30 #18 19 3 1 28 #31 21 1 32 1 33 1 34 1 1 35 1 36 1 37 #23 #18 19 1 9 1 22 #
18 19 6 1 20 21 3 21 #1 9 1 22 5 11 #23 #24 #1 25 5 1 9 1 16 #1 9 1 16 5 6 1 13 1 12 8 3 1 9 1 16 #1 9 1 26 1 27 5 6 1 13 1 12 1 28 #1 9 1 26 1 29 5 1 25 #23 #23 #1 15 3 1 4 5 1 30 #18 19 3 1 28 #31 21 1 32 1 33 1 34 1 1 35 1 36 1 37 #23 #18 19 1 9 1 22 #
1 38 3 1 4 5 #1 38 3 6 39 8 1 38 #1 9 1 40 5 1 41 1 40 #
1 38 3 1 4 5 #1 38 3 6 39 8 1 38 #1 9 1 40 5 1 14 1 40 #
1 42 5 1 43 3 6 7 8 1 43 #1 44 1 45 5 6 46 #
1 47 3 1 48 5 6 1 13 1 12 8 1 47 #1 49 1 50 5 1 51 #
1 52 3 1 53 5 6 1 12 8 1 52 #1 54 1 27 5 1 13 1 27 55 1 17 56 1 14 1 27 57 1 13 1 27 #
1 58 3 1 4 5 6 7 8 3 1 4 #1 9 1 59 5 1 17 #
1 60 3 1 4 5 6 7 8 3 1 4 #1 9 1 59 5 1 17 1 61 1 1 62 1 36 63 1 64 3 65 #
1 66 3 1 53 5 6 1 12 8 1 66 #1 54 1 67 5 6 11 #
1 66 3 1 53 5 6 1 12 1 68 8 1 66 #1 54 1 69 5 1 14 1 69 #
1 66 3 1 53 5 6 1 12 1 68 8 1 66 #1 54 1 69 5 1 14 1 69 #1 54 1 67 5 1 14 1 67 #
1 66 3 1 53 5 6 1 12 1 68 8 1 66 #1 54 1 69 5 1 14 1 69 #1 54 1 67 5 1 14 1 67 #1 54 1 70 5 1 14 1 70 #
1 71 3 1 4 5 6 7 8 3 1 4 #1 9 1 5 1 72 #
1 73 5 6 7 8 3 1 73 #1 74 1 75 5 #1 14 1 74 1 75 76 1 41 1 74 1 75 #
1 71 3 1 77 5 1 71 3 1 78 #1 71 3 1 79 5 1 71 3 1 80 #18 1 41 1 55 1 72 81 19 1 41 1 73 81 1 14 1 73 #1 82 1 83 1 84 1 85 1 53 1 1 86 1 87 1 88 #3 1 1 89 1 79 1 90 1 91 92 1 93 3 65 #1 4 5 6 7 1 94 8 3 1 77 #23 #24 18 1 41 1 55 1 95 96 1 41 1 55 1 72 96 #19 1 14 1 73 96 1 41 1 73 #1 4 5 6 7 1 97 8 3 1 79 #23 #24 #1 98 3 1 73 #23 #18 1 14 1 73 #18 1 41 1 73 #1 73 5 6 7 8 3 1 73 #23 #1 74 1 75 5 #1 14 1 74 1 75 76 1 41 1 74 1 75 #23 #1 74 1 5 1 41 1 #1 74 1 99 5 11 #23 #1 74 1 25 5 6 7 1 14 1 100 #8 3 1 14 1 73 #1 74 1 101 1 29 5 6 7 1 41 1 100 #8 3 1 41 1 73 #24 #1 73 5 6 7 1 14 1 100 #8 3 1 14 1 73 #23 #23 #24 #1 73 5 6 7 1 41 1 100 8 3 1 41 1 73 #23 #23 #1 4 5 6 7 8 3 1 4 #23 #1 9 1 73 5 1 73 #1 9 1 5 1 41 1 #23 #
1 4 5 6 7 8 3 1 4 #1 9 1 73 5 1 73 #
1 4 5 6 7 1 94 8 3 1 77 #1 4 5 6 7 1 97 8 3 1 79 #1 4 5 6 7 8 3 1 4 #1 9 1 73 5 1 73 #1 9 1 5 1 41 1 #1 9 1 83 5 1 14 1 83 #
1 4 5 6 7 1 94 8 3 1 77 #1 4 5 6 7 1 97 8 3 1 79 #1 4 5 6 7 8 3 1 4 #1 9 1 73 5 1 73 #1 9 1 5 1 41 1 #1 9 1 83 5 1 41 1 83 #
1 42 5 6 7 8 3 1 42 #1 44 1 45 5 6 46 #
1 48 5 6 1 13 1 12 8 3 1 48 #1 49 1 102 5 1 102 #
103 104 3 1 105 5 6 1 106 107 #108 1 109 5 1 13 1 110 #103 104 3 1 111 5 6 1 68 1 112 #18 1 111 113 1 17 #31 1 111 #23 #18 1 105 55 1 17 #31 6 1 13 1 12 1 13 1 13 1 114 #115 1 116 1 117 1 118 119 1 17 #23 #1 120 5 6 1 13 1 121 1 106 1 105 122 1 120 #18 19 1 123 11 124 #31 6 1 13 1 12 1 13 1 13 1 114 #115 1 116 1 125 1 126 1 127 1 17 #23 #1 102 5 6 1 13 1 12 128 1 120 #1 129 5 6 1 13 1 12 128 1 120 #1 130 5 6 1 13 1 12 128 1 120 #18 19 1 131 11 124 96 19 1 132 11 124 #31 6 1 13 1 12 1 13 1 13 1 114 #115 1 116 1 125 1 126 1 127 1 17 #23 #1 133 5 6 1 13 1 134 #1 13 1 110 5 1 135 76 1 136 #1 137 5 6 1 13 1 138 1 139 1 68 #1 133 #1 13 1 110 5 1 109 #18 19 1 137 #1 47 3 1 48 #1 140 3 1 42 #23 #1 48 5 6 1 13 1 12 8 3 1 48 #23 #1 141 1 142 1 36 1 79 1 143 1 91 1 144 1 90 1 36 1 145 #3 1 146 1 147 1 148 1 149 1 150 1 151 #3 65 #1 49 1 102 5 1 102 #1 49 1 129 5 1 129 #1 49 1 130 5 1 130 #1 49 1 50 5 1 133 #1 49 1 146 5 #6 1 152 1 153 #1 154 #23 #1 1 36 1 147 1 36 1 91 1 155 1 1 156 1 36 1 146 1 157 1 1 158 #3 1 148 1 159 1 90 1 160 #3 65 #18 19 1 49 1 146 #31 6 1 13 1 12 #21 1 161 1 162 1 163 164 #1 102 #23 #18 1 49 1 165 1 166 #103 104 3 1 111 5 1 49 1 165 6 1 68 #1 167 128 1 49 1 168 #18 1 111 #31 6 1 13 1 12 #21 1 87 1 169 170 1 171 172 173 164 #1 153 1 167 1 111 #23 #23 #1 42 5 6 1 13 1 174 1 175 #128 1 176 #23 #6 1 44 1 177 1 178 #1 179 1 48 #23 #1 180 1 36 1 181 1 146 1 1 182 1 1 53 1 183 1 25 3 65 #6 1 13 1 12 1 152 #1 178 1 184 #128 1 185 #1 186 #23 #
1 98 3 1 73 5 6 7 8 3 1 73 #1 74 1 5 1 187 #
1 98 3 1 73 5 6 1 13 1 12 8 3 1 73 #1 74 1 102 5 6 1 13 1 12 128 1 120 #
1 71 3 1 4 5 1 71 3 1 91 #1 98 3 1 73 5 6 1 13 1 12 8 3 1 73 #1 74 1 102 5 6 1 13 1 12 128 1 120 #18 19 6 1 74 1 153 21 1 188 #1 74 1 102 5 6 1 13 1 12 128 1 120 #1 74 1 189 5 11 #23 #1 74 1 130 5 1 120 #1 74 1 146 5 6 1 152 #1 74 1 153 #1 154 #18 19 1 74 1 146 #31 6 1 13 1 12 #21 1 161 1 162 1 163 164 #1 74 1 102 #23 #18 19 1 74 1 165 1 190 #31 6 1 13 1 12 #21 1 36 191 1 162 1 146 1 1 53 1 192 1 1 193 21 #21 1 1 36 1 158 1 194 1 195 #1 74 1 102 #23 #
1 71 3 1 4 5 1 71 3 1 91 #1 98 3 1 73 5 6 1 13 1 12 8 3 1 73 #1 74 1 102 5 6 1 13 1 12 128 1 120 #18 19 6 1 74 1 153 21 1 188 #1 74 1 102 5 6 1 13 1 12 128 1 120 #1 74 1 189 5 11 #23 #1 74 1 130 5 1 120 #1 74 1 146 5 6 1 152 #1 74 1 153 #1 154 #18 19 1 74 1 146 #31 6 1 13 1 12 #21 1 161 1 162 1 163 164 #1 74 1 102 #23 #18 19 1 74 1 165 1 190 #31 6 1 13 1 12 #21 1 36 191 1 162 1 146 1 1 53 1 192 1 1 193 21 #21 1 1 36 1 158 1 194 1 195 #1 74 1 102 #23 #1 74 1 75 5 1 13 1 75 #18 1 74 1 165 1 166 #103 104 3 1 111 #6 1 74 1 153 #1 196 #1 197 #1 13 1 198 #1 111 5 1 74 1 165 6 1 68 1 106 #128 1 74 1 168 #23 #18 1 111 #31 1 111 #23 #
103 104 3 1 105 5 6 1 106 107 #1 120 5 6 1 13 1 121 1 106 1 105 122 1 120 #18 1 123 11 124 #31 6 1 13 1 12 1 13 1 13 1 114 #115 1 116 1 199 1 181 1 126 1 127 #1 17 #23 #
1 73 5 6 1 13 1 12 8 3 1 73 #1 74 1 5 1 187 #1 74 1 189 5 11 #
1 73 5 6 1 13 1 12 8 3 1 73 #1 74 1 5 1 200 #1 74 1 5 1 187 #1 74 1 5 1 200 #1 74 1 189 5 11 #1 74 1 5 1 187 #1 74 1 189 5 11 #1 9 1 73 5 1 73 #18 1 74 1 25 #1 98 3 1 201 #23 #18 19 1 202 #1 202 5 1 9 1 73 5 6 1 13 1 134 #23 #23 #18 1 74 1 189 81 1 203 1 55 1 187 #31 6 1 13 1 12 204 1 116 1 84 21 #21 1 1 205 1 172 1 206 #6 1 13 1 12 1 73 207 #6 1 13 1 12 1 202 #23 #23 #1 203 1 75 208 1 74 1 75 #23 #18 19 1 74 1 189 81 1 74 1 55 1 203 1 #1 1 209 3 65 #1 73 5 1 74 1 25 #23 #23 #1 201 5 1 203 1 25 #23 #18 1 201 #210 1 211 1 29 #1 201 5 1 211 1 29 #23 #23 #1 211 1 29 5 1 73 #23 #24 #1 203 1 25 5 1 73 #23 #23 #24 #31 6 1 13 1 12 #6 1 13 1 12 1 73 207 #21 1 116 1 212 1 1 194 1 213 #1 17 #23 #
1 98 3 1 202 5 1 9 1 73 #1 9 1 73 5 1 202 #18 19 1 202 #1 202 5 1 9 1 73 5 6 1 13 1 134 #23 #18 1 74 1 189 81 1 203 1 55 1 187 #31 6 1 13 1 12 204 1 116 1 84 21 #21 1 1 205 1 172 1 206 #6 1 13 1 12 1 73 207 #6 1 13 1 12 1 202 #23 #1 203 1 75 208 1 74 1 75 #
1 98 3 1 202 5 1 9 1 73 #1 9 1 73 5 1 202 #18 19 1 202 #1 202 5 1 9 1 73 5 6 1 13 1 134 #23 #18 1 74 1 189 81 1 203 1 55 1 187 #31 6 1 13 1 12 204 1 116 1 84 21 #21 1 1 205 1 172 1 206 #6 1 13 1 12 1 73 207 #6 1 13 1 12 1 202 #23 #1 203 1 75 208 1 74 1 75 #
1 214 3 1 53 5 6 1 12 8 1 214 #1 54 1 215 5 122 11 #
1 214 3 1 53 5 6 1 12 8 1 214 #1 54 1 216 5 1 13 1 216 55 1 17 56 1 14 1 216 57 1 13 1 216 #
1 217 3 1 4 5 6 7 8 3 1 4 #1 9 1 218 5 1 17 #
1 219 3 1 4 5 6 7 8 3 1 4 #1 9 1 220 5 1 17 #
1 221 3 1 4 5 6 7 8 3 1 4 #1 9 1 111 5 148 #
1 222 5 6 1 13 1 12 8 1 223 #1 224 1 102 5 1 28 #
1 221 3 1 4 5 1 221 3 1 91 #1 222 5 6 1 13 1 12 8 1 223 #1 224 1 102 5 1 28 #1 224 1 146 5 6 1 225 #1 224 1 153 #1 226 #18 1 224 1 146 55 1 17 #1 1 36 1 147 1 227 1 36 1 207 1 36 1 146 1 157 1 1 158 1 148 #1 159 1 90 1 160 3 65 #31 6 1 13 1 12 #21 1 161 1 228 1 163 164 #1 224 1 102 #23 #18 19 1 224 1 165 1 229 #18 1 1 199 1 230 1 36 1 231 1 232 1 233 1 3 65 #31 6 1 13 1 12 #21 1 36 191 1 228 1 146 1 199 1 234 21 #21 1 235 1 236 1 224 1 102 #23 #
1 237 3 1 4 5 6 7 8 3 1 4 #1 9 1 111 5 148 #
1 237 3 1 79 5 1 237 3 6 7 8 1 237 #1 41 1 70 5 19 1 13 1 70 56 1 14 1 70 57 1 13 1 70 #
1 222 5 6 1 13 1 12 8 1 223 #1 224 1 102 5 6 1 13 1 12 1 28 #
1 237 3 1 4 5 1 237 3 1 91 #1 222 5 6 1 13 1 12 8 1 223 #1 224 1 102 5 6 1 13 1 12 1 28 #1 224 1 146 5 6 1 225 #1 224 1 153 #1 226 #18 1 224 1 146 55 1 17 #23 #3 1 1 36 1 147 1 227 1 36 1 207 1 36 1 146 1 157 1 1 158 1 148 #3 1 159 1 90 1 160 #3 65 #31 6 1 13 1 12 #21 1 161 1 228 1 163 164 #1 224 1 102 #23 #18 19 1 224 1 165 1 229 #18 1 1 199 1 230 1 36 1 231 1 232 1 233 1 3 65 #31 6 1 13 1 12 #21 1 36 191 1 228 1 146 1 199 1 234 21 #21 1 238 1 236 1 224 1 102 #23 #
1 222 5 6 239 1 12 8 1 240 #1 224 1 102 5 1 54 1 241 #
1 242 5 6 239 1 12 11 207 11 207 1 243 1 193 #1 244 11 124 5 1 245 11 124 #
1 246 3 1 247 5 6 7 8 1 246 #1 248 1 249 5 11 #
1 246 3 1 79 5 1 246 3 6 7 8 1 246 #1 41 1 249 5 1 13 1 250 55 11 56 1 14 1 249 57 1 13 1 249 #
1 251 3 1 5 6 7 8 1 251 #1 252 1 253 5 6 7 11 207 8 254 1 255 #
1 251 3 1 5 6 7 8 1 251 #1 252 1 256 5 6 7 #1 14 1 257 #1 258 1 256 #
1 79 5 104 3 3 6 1 9 1 259 #3 1 79 5 104 3 1 260 #
1 79 5 104 3 3 6 1 9 1 261 #3 1 79 5 104 3 1 262 #
1 79 5 6 1 248 1 253 #1 79 5 6 1 9 1 253 #1 41 1 241 5 1 241 #
1 79 5 6 1 9 1 256 #18 6 1 263 1 12 1 264 128 1 41 1 265 #31 1 17 #23 #
1 4 5 #1 251 3 6 1 263 1 174 1 175 #128 1 266 #1 9 1 267 5 6 1 263 1 12 8 1 268 #1 5 6 1 263 1 12 1 20 1 9 1 267 #18 1 113 1 269 #31 6 1 263 1 12 21 1 270 1 53 1 169 191 1 1 1 271 1 28 #23 #24 18 19 1 9 1 272 1 273 81 19 1 9 1 272 1 274 81 #19 1 9 1 272 1 275 #31 6 1 263 1 12 21 1 276 191 1 61 1 277 1 1 278 1 36 1 89 1 279 89 1 274 1 89 1 280 1 28 #23 #
1 4 5 #1 251 3 6 1 263 1 174 1 175 #128 1 266 #1 9 1 267 5 6 1 263 1 12 8 1 268 #1 5 6 1 263 1 12 1 20 1 9 1 267 #18 1 113 1 269 #31 6 1 263 1 12 21 1 270 1 53 1 169 191 1 1 1 271 1 28 #23 #24 18 19 1 9 1 272 1 273 81 19 1 9 1 272 1 274 81 #19 1 9 1 272 1 275 #31 6 1 263 1 12 21 1 276 191 1 61 1 277 1 1 278 1 36 1 89 1 279 89 1 274 1 89 1 280 1 28 #23 #
1 4 5 #1 251 3 6 1 263 1 174 1 175 #128 1 266 #1 9 1 267 5 6 1 263 1 12 8 1 268 #1 5 6 1 263 1 12 1 20 1 9 1 267 #18 1 113 1 269 #31 6 1 263 1 12 21 1 270 1 53 1 169 191 1 1 1 271 1 28 #23 #24 18 19 1 9 1 272 1 273 81 19 1 9 1 272 1 274 81 #19 1 9 1 272 1 275 #31 6 1 263 1 12 21 1 276 191 1 61 1 277 1 1 278 1 36 1 89 1 279 89 1 274 1 89 1 280 1 28 #23 #
1 207 1 281 #
1 282 5 6 239 1 12 1 283 1 284 1 285 286 11 #1 5 6 1 207 1 287 1 288 128 1 289 #1 290 1 283 1 284 1 291 5 292 11 170 #
293 1 294 5 1 295 5 6 239 1 12 8 3 1 295 #1 296 1 68 5 1 68 5 6 239 1 12 8 3 1 68 #
1 296 1 68 5 1 68 5 6 239 1 12 8 3 1 68 #1 283 1 147 5 1 296 1 193 #
1 296 1 68 5 1 68 5 6 239 1 12 8 3 1 68 #1 283 1 147 5 1 296 1 193 #1 283 1 297 5 1 17 #1 283 1 298 5 6 239 1 12 1 9 1 299 1 9 1 300 #1 283 1 301 5 1 9 1 300 #6 1 302 128 1 283 1 303 1 134 #6 1 302 128 1 283 1 304 1 134 #6 1 302 128 1 283 1 305 1 134 #1 283 1 306 1 155 5 6 239 1 12 1 302 1 307 1 193 #
1 296 1 68 5 1 68 5 6 239 1 12 8 3 1 68 #1 283 1 147 5 1 296 1 193 #1 283 1 297 5 1 17 #1 283 1 298 5 6 239 1 12 1 9 1 299 1 9 1 300 #1 283 1 301 5 1 9 1 300 #6 1 302 128 1 283 1 303 1 134 #6 1 302 128 1 283 1 304 1 134 #6 1 302 128 1 283 1 305 1 134 #1 283 1 306 1 155 5 6 239 1 12 1 302 1 307 1 193 #1 283 1 308 1 155 5 6 239 1 12 1 302 1 307 1 193 #
1 296 1 68 5 1 68 5 6 239 1 12 8 3 1 68 #1 283 1 147 5 1 296 1 193 #1 283 1 297 5 1 17 #1 283 1 298 5 6 239 1 12 1 9 1 299 1 9 1 300 #1 283 1 301 5 1 9 1 300 #6 1 302 128 1 283 1 303 1 134 #6 1 302 128 1 283 1 304 1 134 #6 1 302 128 1 283 1 305 1 134 #1 283 1 306 1 155 5 6 239 1 12 1 302 1 307 1 193 #1 283 1 308 1 155 5 6 239 1 12 1 302 1 307 1 193 #1 283 1 309 1 155 5 6 239 1 12 1 302 1 307 1 193 #
1 310 3 1 247 5 6 7 8 3 1 247 #1 248 1 311 5 6 46 #
1 312 5 6 1 13 1 12 8 1 59 #1 313 1 314 5 1 315 1 314 #
3 1 69 5 1 316 5 6 7 8 3 1 316 #1 317 1 318 5 6 7 1 28 #
3 1 69 5 1 316 5 6 7 8 3 1 316 #1 317 1 319 5 6 7 1 28 #
3 1 69 5 1 316 5 6 7 8 3 1 316 #1 317 1 320 5 11 3 11 321 3 65 #
1 322 5 1 323 3 6 7 8 1 323 #1 324 1 325 5 6 7 1 326 #8 1 327 #
1 328 3 1 111 5 6 1 12 8 1 328 #1 329 3 1 28 5 1 239 1 28 5 6 1 12 8 1 329 #
1 329 3 1 28 5 1 239 1 28 5 6 1 12 8 1 329 #1 330 1 331 5 84 #
1 328 3 1 111 5 6 1 12 8 1 328 #1 329 3 1 79 5 1 239 1 28 5 6 1 12 8 1 329 #
1 329 3 1 79 5 1 239 1 28 5 6 1 12 8 1 329 #1 41 1 331 5 1 13 1 331 #
1 111 5 6 332 1 175 128 1 333 #18 19 1 111 #1 147 1 334 1 193 1 335 1 336 1 337 1 91 1 116 1 338 1 148 #3 18 1 339 1 36 1 183 1 89 1 331 1 69 1 182 1 212 1 1 340 #3 1 91 1 341 1 85 1 1 141 1 1 342 1 111 1 289 1 331 1 91 #3 65 #1 111 5 6 1 343 84 #6 332 1 175 128 1 344 1 111 #23 #18 1 216 #1 345 5 6 1 239 1 330 1 346 #3 1 345 5 1 216 #23 #
1 345 5 6 1 239 1 330 1 346 #3 1 345 5 1 216 #
1 111 5 6 332 1 175 128 1 333 #18 19 1 111 #1 147 1 334 1 193 1 335 1 336 1 337 1 91 1 116 1 338 1 148 #3 18 1 339 1 36 1 183 1 89 1 331 1 69 1 182 1 212 1 1 340 #3 1 91 1 341 1 85 1 1 141 1 1 342 1 111 1 289 1 331 1 91 #3 65 #1 111 5 6 1 343 84 #6 332 1 175 128 1 344 1 111 #23 #18 6 1 239 1 330 1 347 1 348 1 349 #81 6 1 350 351 #6 1 352 1 353 11 207 354 #21 1 355 1 276 1 356 1 90 1 357 164 1 357 #23 #
1 358 3 359 5 6 1 252 1 12 8 3 359 #360 1 361 5 1 362 5 6 1 252 1 12 1 363 1 364 3 8 3 1 362 #
1 365 5 6 7 8 3 1 365 #1 366 1 367 5 #1 211 1 367 56 1 211 1 367 57 1 368 1 367 #
1 322 5 6 7 1 369 370 1 371 372 1 373 1 17 #1 5 6 128 1 374 1 375 1 376 46 #18 1 113 1 269 81 1 113 1 377 #31 1 17 #23 #1 53 5 6 7 1 378 370 1 379 1 17 #1 5 6 1 380 1 381 46 #18 1 113 1 269 #18 19 6 1 #382 1 36 1 383 1 384 11 56 3 65 #31 6 7 1 385 11 207 1 207 #21 1 270 1 53 1 342 1 386 1 387 1 388 #23 #23 #1 5 6 128 1 389 1 380 1 376 46 #18 1 113 1 269 81 1 113 1 377 #1 390 1 391 1 1 56 3 65 #382 1 36 1 383 1 384 11 56 3 65 #31 6 7 1 385 11 207 1 207 #21 1 387 1 143 1 392 #23 #18 1 393 1 394 113 1 395 #382 1 193 1 1 396 1 1 397 1 398 1 399 1 148 1 400 1 401 3 65 #382 1 36 1 383 1 384 11 56 3 65 #31 6 7 1 385 11 207 11 207 #21 1 387 1 143 1 1 402 89 1 403 #23 #1 53 5 6 7 1 380 372 1 404 1 17 #18 1 405 #1 193 1 406 1 407 1 25 3 65 #1 5 6 1 375 1 380 46 #18 6 1 #31 6 1 408 7 1 375 1 380 1 409 1 409 1 410 #23 #18 1 113 1 269 #382 1 36 1 383 1 384 11 56 3 65 #31 6 7 1 385 11 207 1 207 #21 1 270 1 53 1 141 1 387 1 411 #23 #23 #24 #23 #1 412 6 1 148 1 413 3 65 #31 6 1 408 7 1 375 1 380 1 409 1 409 1 410 #23 #
1 322 5 6 7 1 369 370 1 371 372 1 373 1 17 #1 5 6 128 1 374 1 375 1 376 46 #18 1 113 1 269 81 1 113 1 377 #31 1 17 #23 #1 53 5 6 7 1 378 370 1 379 1 17 #1 5 6 1 380 1 381 46 #18 1 113 1 269 #18 19 6 1 #382 1 36 1 383 1 384 11 56 3 65 #31 6 7 1 385 11 207 1 207 #21 1 270 1 53 1 342 1 386 1 387 1 388 #23 #23 #1 5 6 128 1 389 1 380 1 376 46 #18 1 113 1 269 81 1 113 1 377 #1 390 1 391 1 1 56 3 65 #382 1 36 1 383 1 384 11 56 3 65 #31 6 7 1 385 11 207 1 207 #21 1 387 1 143 1 392 #23 #18 1 393 1 394 113 1 395 #382 1 193 1 1 396 1 1 397 1 398 1 399 1 148 1 400 1 401 3 65 #382 1 36 1 383 1 384 11 56 3 65 #31 6 7 1 385 11 207 11 207 #21 1 387 1 143 1 1 402 89 1 403 #23 #1 53 5 6 7 1 380 372 1 404 1 17 #18 1 405 #1 193 1 406 1 407 1 25 3 65 #1 5 6 1 375 1 380 46 #18 6 1 #31 6 1 408 7 1 375 1 380 1 409 1 409 1 410 #23 #18 1 113 1 269 #382 1 36 1 383 1 384 11 56 3 65 #31 6 7 1 385 11 207 1 207 #21 1 270 1 53 1 141 1 387 1 411 #23 #23 #24 #23 #1 412 6 1 148 1 413 3 65 #31 6 1 408 7 1 375 1 380 1 409 1 409 1 410 #23 #
1 316 5 6 239 1 12 8 3 1 316 #1 317 1 314 5 239 1 314 #
84 5 6 239 1 12 1 414 239 1 415 1 17 #1 289 5 6 84 #18 1 289 416 11 81 417 1 289 122 11 124 55 418 #417 1 289 122 11 124 5 292 11 170 #23 #
1 419 5 6 239 1 12 8 3 1 419 #1 420 1 241 5 1 421 #
1 422 5 6 1 317 1 12 8 3 1 422 #1 423 1 134 5 1 317 1 134 #
1 424 5 6 1 317 1 12 8 3 1 424 #1 425 1 426 5 1 422 #
1 427 3 1 5 6 7 8 3 1 #1 428 5 46 #
1 429 3 1 111 5 1 17 #1 111 5 6 1 317 1 408 1 317 1 12 #1 430 1 431 1 432 1 431 #128 1 430 1 433 #1 317 1 434 1 435 56 128 1 432 1 314 57 1 409 #128 1 317 1 436 #18 1 111 113 1 17 #81 19 6 1 239 1 437 #81 1 317 1 405 #96 19 6 1 438 1 439 1 317 1 298 #382 1 36 1 440 1 1 441 1 442 1 443 3 65 #6 1 444 1 239 1 445 1 17 #23 #1 36 1 446 1 1 1 36 1 447 1 86 448 1 53 1 449 1 36 1 450 3 65 #31 1 17 #23 #
1 451 3 1 452 5 1 324 1 426 #1 451 3 1 453 5 1 54 1 426 #18 1 324 1 454 113 1 54 1 454 #23 #3 3 382 1 455 1 456 1 398 1 89 1 457 1 446 1 1 157 1 53 #3 3 382 1 141 1 458 1 398 1 459 #3 65 #31 6 1 324 1 460 1 12 1 385 11 207 11 207 #21 1 461 1 462 89 1 316 1 1 463 21 #21 1 84 1 464 1 1 465 #23 #1 5 6 1 430 1 431 1 432 1 431 1 430 1 134 #18 6 1 #18 1 111 5 6 11 207 1 375 1 380 1 466 #1 467 55 1 17 #1 468 1 419 1 469 3 65 #1 54 1 435 5 11 #1 54 1 470 5 1 324 1 470 #1 324 1 435 5 11 #1 324 1 470 5 11 #23 #23 #31 1 111 #23 #3 1 467 5 1 17 #18 1 113 1 269 #382 1 157 1 141 89 1 471 1 446 1 472 1 473 3 65 #31 6 1 430 1 12 1 385 11 207 1 207 #21 1 270 1 53 1 407 1 474 #23 #1 54 1 435 5 11 #1 54 1 470 5 1 324 1 470 #1 324 1 435 5 11 #1 324 1 470 5 11 #18 1 111 5 6 11 207 1 324 1 460 1 12 #1 375 1 380 1 17 55 1 17 #1 1 475 1 170 1 1 476 1 1 477 1 148 31 1 86 3 65 #31 1 17 #23 #
31 6 1 478 1 479 11 207 1 409 1 467 #
1 480 5 1 481 1 482 1 25 #18 1 480 55 1 17 #18 1 483 55 1 17 #31 6 1 420 1 460 1 12 1 484 11 207 11 207 #21 1 36 170 1 485 1 486 1 487 89 1 488 21 #21 1 489 1 490 491 1 492 1 493 1 84 1 21 #21 1 494 1 495 #23 #1 480 5 1 483 #23 #24 18 1 483 113 1 17 #496 1 497 #18 1 498 1 29 113 1 17 96 6 1 498 1 29 113 11 #496 1 497 #
1 480 5 1 481 1 482 1 25 #18 1 480 55 1 17 #18 1 483 55 1 17 #31 6 1 420 1 460 1 12 1 484 11 207 11 207 #21 1 36 170 1 485 1 486 1 487 89 1 488 21 #21 1 489 1 490 491 1 492 1 493 1 84 1 21 #21 1 494 1 495 #23 #1 480 5 1 483 #23 #24 18 1 483 113 1 17 #496 1 497 #18 1 498 1 29 113 1 17 96 6 1 498 1 29 113 11 #496 1 497 #
1 499 3 1 500 5 1 481 1 500 #18 1 501 1 502 113 1 503 #3 1 504 5 11 #31 1 17 #23 #18 1 505 55 1 506 #31 6 1 420 1 460 1 12 1 484 11 207 11 207 #21 1 36 170 1 485 1 486 1 34 1 1 507 #23 #1 480 5 1 481 1 482 1 25 #1 483 5 1 481 1 508 55 1 17 #56 1 17 #57 1 481 1 509 1 510 1 25 #18 1 480 55 1 17 #18 1 483 55 1 17 #31 6 1 420 1 460 1 12 1 484 11 207 11 207 #21 1 36 170 1 485 1 486 1 487 89 1 488 21 #21 1 489 1 490 491 1 492 1 493 1 84 1 21 #21 1 494 1 495 #23 #1 480 5 1 483 #23 #24 18 1 483 113 1 17 #496 1 497 #18 1 498 1 29 113 1 17 96 6 1 498 1 29 113 11 #496 1 497 #1 494 5 1 498 1 511 11 124 #
148 5 6 7 1 512 265 #18 265 416 11 81 513 122 11 124 55 418 #513 122 11 124 5 292 11 170 #
1 4 5 1 514 3 6 7 8 3 1 4 #1 9 1 111 5 148 #
1 514 3 1 365 5 1 514 3 6 7 8 3 1 365 #1 366 1 102 5 6 1 515 1 516 1 102 #
6 512 1 512 1 517 #18 1 467 55 1 17 #1 429 3 1 518 5 1 111 #23 #1 111 1 446 1 519 1 36 1 520 1 335 1 521 1 398 3 65 #6 239 1 522 21 1 523 1 524 1 525 21 3 21 #23 #1 526 1 53 89 1 447 1 467 1 464 1 207 1 53 1 1 527 #1 528 1 1 155 1 1 441 89 1 529 530 1 531 1 532 #1 533 1 36 1 446 1 534 535 1 1 536 3 65 #210 1 518 113 1 17 81 1 537 1 538 55 1 17 #1 518 5 1 537 1 539 #23 #18 1 518 113 1 17 81 1 537 1 538 113 1 17 #31 6 512 1 518 #23 #31 1 239 1 437 #23 #6 512 1 239 1 445 1 540 1 17 #
1 111 5 3 1 9 1 165 1 541 1 542 512 1 9 1 512 #1 348 1 543 #1 544 #18 1 111 113 1 17 #1 111 5 6 239 1 12 1 239 1 445 11 207 #21 1 270 1 53 1 545 1 419 1 546 1 111 #31 1 111 #23 #
18 6 1 547 1 548 286 11 207 128 1 549 11 #96 3 1 550 96 3 1 551 552 11 #31 122 11 #23 #18 6 1 553 1 554 128 1 549 11 #96 3 1 550 96 3 1 555 552 11 96 3 1 555 552 3 1 551 #31 122 11 #23 #
1 556 5 6 1 438 1 12 8 3 1 556 #1 557 1 558 5 6 1 438 1 12 1 438 1 420 1 559 #
1 560 3 1 561 5 6 239 1 12 8 3 1 561 #1 562 5 111 #
1 429 3 1 111 5 6 7 8 3 1 111 #1 239 1 437 5 1 437 #
1 429 3 1 111 5 6 7 1 445 1 563 1 564 1 565 #1 239 1 538 5 1 538 #
1 429 3 1 111 5 6 7 8 3 1 111 #1 239 1 437 5 1 437 #
1 566 3 1 79 5 1 566 3 6 7 8 1 566 #1 41 1 567 5 11 1 568 3 65 #
1 566 3 1 79 5 1 566 3 6 7 8 1 566 #1 41 1 569 5 1 13 1 567 55 11 56 1 14 1 569 57 1 13 1 569 #
1 36 1 570 1 571 1 84 1 572 1 573 1 148 89 1 574 1 1 575 3 65 #1 576 5 6 1 577 21 1 578 1 579 #1 580 5 1 581 #18 19 1 576 #1 576 5 239 1 574 #1 580 5 1 17 #23 #23 #18 1 576 81 3 1 576 #23 #1 575 1 36 1 582 1 406 583 1 25 3 65 #18 19 6 1 584 21 1 585 #96 19 6 1 584 586 1 585 #1 587 5 11 #18 1 580 #6 1 303 21 1 578 1 579 #23 #24 #239 1 574 5 1 17 #23 #23 #24 18 6 1 584 588 113 1 17 #1 1 36 1 589 1 576 1 87 1 590 1 591 1 592 #3 1 1 289 593 1 1 82 1 575 1 36 1 61 1 594 1 595 1 596 #3 65 #104 3 1 597 5 6 239 1 12 1 576 #104 3 1 111 #535 #104 3 1 596 5 6 1 598 588 #18 19 1 596 1 599 1 595 1 1 600 1 595 3 65 #18 19 6 1 598 21 1 585 #96 19 6 1 598 586 1 585 #1 587 5 11 #18 1 580 #6 1 303 21 1 578 1 579 #23 #24 #239 1 574 5 1 17 #23 #23 #601 1 85 1 265 1 602 3 65 #23 #535 1 603 1 604 11 6 3 1 111 605 1 111 #18 19 6 1 512 21 1 585 #96 19 6 1 512 586 1 585 #3 1 596 5 292 11 170 #18 1 580 #6 1 303 21 1 578 1 606 1 597 #23 #24 #239 1 574 5 1 597 #23 #1 587 5 11 #23 #24 18 19 1 244 11 124 96 19 6 1 512 21 1 607 #3 1 596 5 292 11 170 #608 1 609 1 36 1 596 1 148 1 610 1 36 1 29 1 36 3 65 #23 #601 1 587 89 1 594 1 595 1 596 3 65 #23 #23 #23 #103 104 3 1 576 5 6 1 303 21 1 578 1 579 #18 19 1 576 81 1 581 113 1 17 #
1 611 3 322 5 6 7 8 3 322 #324 1 612 5 613 #
1 614 3 1 5 1 614 3 6 7 8 1 614 #1 252 1 615 5 122 11 #
1 616 5 46 #1 4 5 1 617 3 6 7 8 1 617 #
1 614 3 89 5 1 614 3 6 7 8 1 614 #618 1 615 5 1 619 1 615 #
1 614 3 89 5 1 614 3 6 7 8 1 614 #618 1 615 5 1 14 1 615 #
18 3 3 1 120 55 620 #103 104 3 1 621 5 3 1 120 286 11 #104 3 1 622 #108 1 623 5 11 #1 624 1 #23 #605 3 1 120 1 141 1 61 1 625 21 3 65 #1 610 1 626 1 148 1 1 120 6 1 627 535 1 628 1 629 3 65 #210 3 3 1 120 81 3 3 1 120 113 620 96 3 3 1 120 55 620 81 1 623 #18 1 623 #1 623 5 11 #23 #24 18 3 3 1 120 55 630 #1 623 5 11 #23 #605 3 1 120 #23 #18 3 3 1 120 113 620 #31 21 1 631 1 632 1 633 #23 #1 634 3 1 61 3 1 36 1 28 1 33 535 1 635 3 65 #1 622 5 6 7 1 636 3 1 120 122 1 621 #605 3 1 120 1 141 1 61 1 637 21 3 65 #23 #1 169 1 148 1 638 1 36 1 639 3 65 #1 5 6 1 640 128 1 641 1 120 207 46 #18 1 113 1 269 #31 21 1 632 1 169 1 642 #23 #23 #24 #23 #1 406 1 90 3 65 #1 643 1 644 535 1 572 1 645 1 646 1 148 1 169 1 36 1 639 3 65 #1 641 1 120 5 104 3 3 6 7 11 3 8 104 3 #1 641 1 123 11 124 5 6 7 1 120 #1 641 1 123 11 124 5 1 17 1 148 1 1 120 3 65 #23 #
18 3 3 1 120 55 620 #103 104 3 1 621 5 3 1 120 286 11 #104 3 1 622 #108 1 623 5 11 #1 624 1 #23 #605 3 1 120 1 141 1 61 1 625 21 3 65 #1 610 1 626 1 148 1 1 120 6 1 627 535 1 628 1 629 3 65 #210 3 3 1 120 81 3 3 1 120 113 620 96 3 3 1 120 55 620 81 1 623 #18 1 623 #1 623 5 11 #23 #24 18 3 3 1 120 55 630 #1 623 5 11 #23 #605 3 1 120 #23 #18 3 3 1 120 113 620 #31 21 1 631 1 632 1 633 #23 #1 634 3 1 61 3 1 36 1 28 1 33 535 1 635 3 65 #1 622 5 6 7 1 636 3 1 120 122 1 621 #605 3 1 120 1 141 1 61 1 637 21 3 65 #23 #1 169 1 148 1 638 1 36 1 639 3 65 #1 5 6 1 640 128 1 641 1 120 207 46 #18 1 113 1 269 #31 21 1 632 1 169 1 642 #23 #23 #24 #23 #1 406 1 90 3 65 #1 643 1 644 535 1 572 1 645 1 646 1 148 1 169 1 36 1 639 3 65 #1 641 1 120 5 104 3 3 6 7 11 3 8 104 3 #1 641 1 123 11 124 5 6 7 1 120 #1 641 1 123 11 124 5 1 17 1 148 1 1 120 3 65 #23 #
18 3 3 1 120 55 620 #103 104 3 1 621 5 3 1 120 286 11 #104 3 1 622 #108 1 623 5 11 #1 624 1 #23 #605 3 1 120 1 141 1 61 1 625 21 3 65 #1 610 1 626 1 148 1 1 120 6 1 627 535 1 628 1 629 3 65 #210 3 3 1 120 81 3 3 1 120 113 620 96 3 3 1 120 55 620 81 1 623 #18 1 623 #1 623 5 11 #23 #24 18 3 3 1 120 55 630 #1 623 5 11 #23 #605 3 1 120 #23 #18 3 3 1 120 113 620 #31 21 1 631 1 632 1 633 #23 #1 634 3 1 61 3 1 36 1 28 1 33 535 1 635 3 65 #1 622 5 6 7 1 636 3 1 120 122 1 621 #605 3 1 120 1 141 1 61 1 637 21 3 65 #23 #1 169 1 148 1 638 1 36 1 639 3 65 #1 5 6 1 640 128 1 641 1 120 207 46 #18 1 113 1 269 #31 21 1 632 1 169 1 642 #23 #23 #24 #23 #1 406 1 90 3 65 #1 643 1 644 535 1 572 1 645 1 646 1 148 1 169 1 36 1 639 3 65 #1 641 1 120 5 104 3 3 6 7 11 3 8 104 3 #1 641 1 123 11 124 5 6 7 1 120 #1 641 1 123 11 124 5 1 17 1 148 1 1 120 3 65 #23 #
1 571 5 1 647 3 6 1 648 8 1 647 #1 641 1 147 5 1 147 #
23 #6 1 352 1 649 11 207 650 6 11 #21 1 651 1 578 1 652 #23 #6 142 #31 6 653 654 1 655 #23 #104 3 1 656 5 1 17 #18 6 128 1 317 1 657 1 658 128 1 659 11 #96 1 656 55 1 660 96 3 1 656 96 1 317 1 661 552 11 #
23 #6 1 352 1 649 11 207 650 6 11 #21 1 651 1 578 1 652 #23 #6 142 #31 6 653 654 1 655 #23 #23 #1 1 1 141 89 1 662 1 1 205 1 148 1 1 663 1 36 664 1 477 1 #3 1 114 1 449 1 1 665 18 1 1 1 666 #3 65 #18 1 248 1 667 552 1 317 1 661 #6 1 352 1 649 11 207 650 6 11 #21 1 668 1 578 1 669 1 670 1 671 #21 1 1 672 1 472 1 36 1 673 1 674 #21 1 670 1 675 1 317 1 657 1 248 1 667 #6 142 #31 6 653 654 1 655 #23 #23 #23 #23 #676 1 677 5 6 676 1 12 676 1 678 1 679 #1 317 1 661 5 1 248 1 667 #23 #23 #1 680 3 1 316 5 681 1 316 #18 19 1 316 #103 104 3 1 660 #104 3 1 656 5 1 17 #1 682 3 1 247 5 6 676 1 683 #128 1 684 #23 #1 61 1 1 685 1 53 1 1 36 1 686 3 65 #18 19 1 248 1 667 96 676 1 677 #6 142 #31 6 681 1 687 653 1 688 1 689 1 690 #23 #23 #681 1 316 5 1 316 5 6 676 1 12 8 3 1 316 #23 #1 691 1 61 18 1 36 1 692 1 669 1 693 1 685 1 694 3 65 #1 660 5 6 676 1 695 21 1 578 1 652 #18 1 660 #23 #1 696 1 697 1 698 1 699 1 594 1 700 1 701 1 1 36 #3 6 1 702 1 625 1 644 1 36 1 656 1 703 #3 1 148 89 1 704 1 705 3 65 #18 6 128 1 317 1 657 1 658 128 1 659 11 #96 1 656 55 1 660 96 3 1 656 96 1 317 1 661 552 11 #
1 706 3 1 316 5 681 1 316 #18 19 1 316 #681 1 316 5 1 316 5 6 676 1 12 8 3 1 316 #1 317 1 707 5 11 #6 1 708 11 207 128 1 317 1 661 #23 #
1 682 3 1 79 5 #1 682 3 6 7 8 1 682 #1 41 1 709 5 11 1 568 3 65 #
1 682 3 1 79 5 1 682 3 6 7 8 1 682 #1 41 1 667 5 1 13 1 709 55 11 56 1 14 1 667 57 1 13 1 667 #
104 3 1 148 5 1 17 #18 1 269 113 6 128 1 9 1 667 207 1 20 128 1 68 11 #96 1 9 1 667 552 11 96 3 1 148 #31 21 1 710 1 61 1 89 1 711 1 569 1 1 522 1 1 712 #23 #
1 316 5 6 239 1 12 8 1 713 #1 714 5 111 #
1 316 5 6 239 1 12 8 1 713 #1 714 5 111 #1 317 1 5 1 17 #1 317 1 715 5 11 #1 716 5 142 #1 437 5 6 128 1 317 1 717 1 718 1 719 1 720 #512 128 1 721 239 1 134 #6 239 1 12 128 1 317 1 717 1 722 #1 723 #1 317 1 724 5 1 725 #6 128 1 317 1 726 207 239 1 134 #1 317 1 726 5 239 1 134 #6 1 316 #
1 727 3 1 728 5 #1 727 3 6 7 8 1 727 #1 729 1 730 5 6 7 11 207 8 1 731 #
1 727 3 89 5 #1 727 3 6 7 8 1 727 #618 1 730 5 6 7 1 619 1 732 #1 14 1 730 #
1 733 5 6 1 13 1 12 1 734 #1 735 5 3 605 1 733 #1 336 5 605 1 733 #18 3 1 733 113 1 735 #210 3 605 1 733 81 3 1 733 113 1 735 #23 #
18 3 1 736 81 3 1 737 81 3 1 738 416 11 #1 739 5 3 1 736 122 3 1 737 #23 #18 3 1 738 416 11 81 3 1 737 #6 1 740 3 1 741 3 1 738 #23 #
18 3 1 736 81 3 1 737 81 3 1 738 416 11 #1 739 5 3 1 736 122 3 1 737 #23 #18 3 1 738 416 11 81 3 1 737 #6 1 740 3 1 741 3 1 738 #23 #
18 3 1 736 81 3 1 737 81 3 1 738 416 11 #1 739 5 3 1 736 122 3 1 737 #23 #18 1 736 113 1 737 #3 1 736 5 3 1 737 286 1 739 #23 #
18 3 1 736 81 3 1 737 81 3 1 738 416 11 #1 739 5 3 1 736 122 3 1 737 #23 #18 1 736 113 1 737 #3 1 736 5 3 1 737 286 1 739 #23 #
18 1 742 55 1 17 #1 742 5 128 1 743 1 744 #23 #6 1 743 1 12 128 1 743 1 745 1 746 #128 1 743 1 747 1 748 #
254 1 749 3 46 5 254 1 749 3 6 1 111 #750 1 241 5 1 241 #
1 751 5 1 752 3 6 1 729 1 753 #1 754 1 755 5 6 1 207 418 55 1 17 56 11 57 11 #
1 756 3 1 79 5 #1 756 3 6 7 8 1 756 #1 41 1 757 5 11 #
1 79 5 1 756 3 6 7 8 1 756 #1 41 1 758 5 1 13 1 758 56 1 13 1 758 #57 1 14 1 758 #
254 1 53 3 46 5 254 1 53 3 6 239 1 12 8 254 1 53 #18 19 750 1 147 5 6 239 1 12 239 1 759 760 #31 1 17 #23 #
46 5 254 1 53 3 6 239 1 12 8 254 1 53 #750 1 147 5 6 239 1 12 1 368 1 114 372 1 17 #
46 5 254 1 53 3 6 239 1 12 8 254 1 53 #750 1 147 5 6 239 1 12 1 368 1 147 #
1 761 3 1 4 5 #1 761 3 6 7 8 1 761 #1 9 1 762 5 6 7 11 207 8 1 763 #
1 41 1 762 5 #6 7 1 258 1 764 1 14 1 762 #1 761 3 1 79 5 #1 761 3 6 7 8 1 761 #
18 3 1 765 #6 525 525 111 #23 #3 1 765 5 11 #
6 1 766 1 767 3 111 207 111 #
108 3 1 768 5 6 7 8 3 1 768 #3 1 768 5 1 769 #
103 104 3 1 770 5 6 239 1 771 21 1 772 #18 1 770 55 1 17 #1 770 5 6 239 1 773 21 1 772 #23 #18 1 770 113 1 17 81 3 1 770 #6 239 1 771 21 1 774 1 770 #23 #24 #1 770 5 351 1 775 1 776 1 85 1 777 1 778 3 65 #23 #
1 779 3 1 780 5 #6 239 1 781 #1 782 1 783 5 11 1 784 1 785 63 #
1 5 1 786 3 6 7 8 1 786 #1 252 1 787 5 11 #
1 788 3 1 79 5 6 7 8 1 788 #1 41 1 789 5 1 17 #
1 790 3 1 791 5 6 7 1 792 8 1 790 #1 793 1 794 5 1 795 1 794 #
1 790 3 1 791 5 6 7 1 792 8 1 790 #1 793 1 794 5 1 795 1 794 #1 793 1 796 5 1 795 1 796 #
1 790 3 1 791 5 6 7 1 792 8 1 790 #1 793 1 794 5 1 795 1 794 #1 793 1 796 5 1 795 1 796 #1 793 1 797 5 1 795 1 797 #
1 790 3 1 791 5 6 7 1 792 8 1 790 #1 793 1 794 5 1 795 1 794 #1 793 1 796 5 1 795 1 796 #1 793 1 797 5 1 795 1 797 #1 793 1 798 5 1 795 1 798 #
1 790 3 1 791 5 6 7 1 792 8 1 790 #1 793 1 794 5 1 795 1 794 #1 793 1 796 5 1 795 1 796 #1 793 1 797 5 1 795 1 797 #1 793 1 798 5 1 795 1 798 #1 793 1 799 5 1 795 1 799 #
1 790 3 1 791 5 6 7 1 792 8 1 790 #1 793 1 794 5 1 795 1 794 #1 793 1 796 5 1 795 1 796 #1 793 1 797 5 1 795 1 797 #1 793 1 798 5 1 795 1 798 #1 793 1 799 5 1 795 1 799 #1 793 1 800 5 1 795 1 800 #
1 790 3 1 791 5 6 7 1 792 8 1 790 #1 793 1 794 5 1 795 1 794 #1 793 1 796 5 1 795 1 796 #1 793 1 797 5 1 795 1 797 #1 793 1 798 5 1 795 1 798 #1 793 1 799 5 1 795 1 799 #1 793 1 800 5 1 795 1 800 #1 793 1 801 5 1 795 1 801 #
1 788 3 1 79 5 6 7 8 1 788 #1 41 1 789 5 1 13 1 789 #
1 788 3 1 79 5 6 7 8 1 788 #1 41 1 789 5 1 14 1 789 #
1 788 3 1 79 5 6 7 8 1 788 #1 41 1 789 5 6 7 1 13 1 802 #1 14 1 802 #1 803 #1 17 #1 41 1 789 5 1 13 1 789 #1 41 1 789 5 1 14 1 789 #18 1 41 1 789 81 1 13 1 804 #1 41 1 789 5 #6 7 1 41 1 789 #23 #18 1 41 1 789 #18 1 13 1 804 #6 7 1 13 1 805 1 41 1 789 #23 #
104 3 1 193 5 6 1 13 1 121 1 53 #6 1 193 #18 3 1 193 55 806 #605 1 193 #23 #
360 1 804 5 6 1 13 1 12 11 207 8 3 1 807 #1 807 5 1 808 3 6 360 1 804 #1 809 1 147 5 6 1 13 1 12 1 53 #
18 3 1 111 #6 3 1 111 #3 1 111 5 1 17 #23 #
18 3 1 111 #6 3 1 111 #3 1 111 5 1 17 #23 #3 1 111 5 6 1 810 #
3 1 111 5 6 1 810 #
31 6 84 #
1 811 3 1 812 5 6 7 8 1 811 #1 813 1 814 5 1 41 1 814 #
1 811 3 1 812 5 6 7 8 1 811 #1 813 1 814 5 1 368 1 814 #
1 811 3 1 812 5 6 7 8 1 811 #1 813 1 814 5 6 7 1 368 1 815 1 41 1 814 #
1 816 3 1 817 5 6 1 13 1 12 8 1 816 #1 818 1 819 5 6 1 68 1 820 1 821 #1 822 #128 1 512 1 17 #
1 823 3 1 79 5 #1 823 3 6 7 8 1 823 #1 41 1 824 5 6 7 11 #
1 823 3 1 79 5 1 823 3 6 7 #8 1 823 #1 41 1 824 5 6 7 1 13 1 825 #1 14 1 824 #
1 826 3 89 5 #1 826 3 6 7 8 1 826 #618 1 827 5 6 7 11 207 8 1 828 #
1 829 3 89 5 #1 829 3 6 7 8 1 829 #618 1 830 5 6 7 11 207 8 1 828 #
1 826 3 89 5 #1 826 3 6 7 8 1 826 #618 1 827 5 6 7 1 258 1 831 1 14 1 827 #
1 829 3 89 5 #1 829 3 6 7 8 1 829 #618 1 830 5 6 7 1 258 1 832 1 14 1 830 #
1 828 3 1 79 5 6 1 9 1 827 #1 41 1 833 5 6 1 13 1 12 1 834 1 835 #
1 828 3 1 79 5 6 1 9 1 827 #1 41 1 836 5 1 836 #
1 79 5 6 1 837 1 830 #1 79 5 6 1 838 1 830 #1 41 1 181 5 1 181 #
1 839 3 1 79 5 6 7 8 1 839 #1 41 1 840 5 1 17 #
1 839 3 1 79 5 6 7 8 1 839 #1 41 1 840 5 1 13 1 840 56 1 13 1 840 57 1 14 1 840 #
1 841 3 1 79 5 1 841 3 6 7 #8 1 841 #1 41 1 842 5 1 843 #
1 841 3 1 79 5 1 841 3 6 7 #8 1 841 #1 41 1 842 5 1 13 1 842 113 1 843 #56 1 13 1 842 #57 1 14 1 842 #
1 844 5 103 104 3 3 6 845 1 846 #3 1 844 5 1 847 #
1 848 3 1 28 5 6 7 8 1 848 #1 330 1 849 5 11 #
1 850 3 1 851 5 6 7 8 3 1 851 #1 852 1 853 5 1 63 #
1 850 3 1 28 5 6 7 8 1 850 #1 330 1 853 5 1 258 1 853 113 1 63 56 #1 258 1 853 57 #1 14 1 853 #
1 4 5 1 854 3 6 7 8 1 854 #1 9 1 855 5 1 17 #
1 4 5 1 854 3 6 7 8 3 1 4 #1 9 1 856 5 1 368 1 856 #
1 4 5 1 854 3 6 7 8 3 1 4 #1 9 1 856 5 1 211 1 856 #
1 857 3 1 4 5 6 7 8 3 1 4 #1 9 1 580 5 6 7 11 #
1 857 3 1 84 5 6 7 8 3 1 84 #1 332 1 580 5 6 7 1 14 1 580 #
1 858 3 1 79 5 #1 858 3 6 7 8 1 858 #1 41 1 859 5 1 860 #
1 858 3 1 79 5 1 858 3 6 7 8 1 858 #1 41 1 859 5 1 14 1 859 #
1 858 3 1 79 5 1 858 3 6 7 8 1 858 #1 41 1 859 5 1 13 1 859 #
1 91 5 1 861 3 6 7 8 3 1 91 #1 862 1 863 5 1 174 1 863 #56 1 174 1 863 #57 1 864 1 863 #
1 862 1 865 5 6 1 13 1 12 11 207 8 3 1 545 #1 545 5 1 866 3 6 1 862 1 865 #1 867 1 386 5 1 13 1 426 #
1 868 3 1 79 5 1 868 3 6 7 8 1 868 #1 41 1 869 5 6 7 11 207 8 1 870 #
1 868 3 89 5 6 7 8 1 868 #618 1 869 5 6 7 1 14 1 871 #1 258 1 869 #
1 872 3 1 28 5 1 872 3 6 1 12 8 1 872 #1 330 1 873 5 11 #
1 874 3 322 5 6 7 8 1 874 #324 1 875 5 6 7 11 207 8 1 876 #
1 874 3 322 5 6 7 8 1 874 #324 1 875 5 6 7 #1 14 1 877 #1 258 1 875 #
1 79 5 6 1 9 1 875 #1 41 1 25 5 1 25 #
89 5 1 878 3 6 7 8 1 878 #618 1 879 5 1 17 #
89 5 1 878 3 6 7 #8 1 878 #618 1 879 5 1 258 1 879 56 1 258 1 879 57 1 14 1 879 #
1 880 3 1 79 5 #1 880 3 6 7 8 1 880 #1 41 1 881 5 11 #
1 880 3 1 79 5 1 880 3 6 7 8 1 880 #1 41 1 881 5 1 13 1 882 56 #1 13 1 881 57 #1 14 1 881 #
1 142 5 6 3 1 288 618 1 61 #89 5 6 39 1 654 3 1 288 1 883 #884 5 618 1 151 #1 885 3 1 151 5 618 1 151 #
1 767 3 512 1 886 3 3 887 207 512 887 207 1 281 #
1 767 3 512 1 886 3 887 207 512 887 207 1 281 #
1 767 3 512 1 886 3 887 207 512 887 207 1 207 1 281 #
1 767 3 512 1 886 3 887 207 512 887 207 1 207 1 281 #
1 5 6 512 128 1 #18 19 1 96 1 252 1 888 81 1 252 1 888 552 1 79 #23 #1 1 889 1 342 89 1 890 1 891 3 65 #1 5 1 886 3 6 239 1 12 8 1 886 #1 252 1 134 5 239 1 134 #1 252 1 814 5 6 1 252 1 12 11 #1 252 1 892 5 1 893 3 6 1 252 1 12 8 1 893 #6 1 252 1 892 #23 #23 #24 #1 5 6 512 1 #18 1 113 1 #6 1 352 1 649 1 207 512 6 11 #21 1 446 210 1 576 1 36 1 894 21 #21 1 891 1 53 1 895 164 239 1 559 #31 1 #23 #23 #1 886 3 1 5 1 17 #
1 896 3 1 148 5 1 17 #1 5 6 512 1 9 1 897 128 1 68 128 1 898 #1 5 6 1 13 1 899 239 1 12 1 13 1 900 128 1 354 1 901 #11 207 1 902 128 1 903 1 17 #
1 886 3 1 5 1 17 #1 5 1 886 3 6 360 1 522 1 904 #18 1 #3 887 5 1 #31 1 #23 #1 5 1 886 3 6 239 1 12 8 1 886 #1 252 1 134 5 239 1 134 #
1 896 3 1 148 5 1 17 #1 5 6 512 1 9 1 905 128 1 68 128 1 898 #1 5 6 1 13 1 899 239 1 12 1 13 1 900 128 1 906 1 901 #1 264 128 1 903 1 902 1 17 #
1 907 3 1 79 5 #1 907 3 6 7 8 1 907 #1 41 1 908 5 11 #
1 907 3 1 79 5 1 907 3 6 7 8 1 907 #1 41 1 147 5 1 13 1 909 55 11 56 1 14 1 147 57 1 13 1 147 #
1 910 3 1 911 5 6 322 #18 1 911 #31 1 911 #23 #1 911 5 6 324 1 12 8 3 1 911 #1 912 1 331 5 324 1 913 #
1 910 3 1 911 5 6 322 #1 5 6 1 912 1 331 #
1 910 3 1 911 5 6 322 #1 5 6 1 912 1 331 #1 912 1 914 5 11 #
1 910 3 1 911 5 6 322 #18 1 911 #1 5 6 1 912 1 331 #23 #24 #1 5 6 324 1 913 #23 #1 911 5 6 322 #1 912 1 915 5 11 #
1 910 3 1 911 5 6 322 #18 19 1 911 #1 911 5 6 322 #23 #1 331 5 1 912 1 331 #
1 910 3 1 911 5 6 322 #18 1 911 #1 5 6 1 912 1 331 #23 #24 #1 5 6 324 1 913 #23 #18 19 1 81 1 252 1 849 55 1 916 96 #1 911 81 1 912 1 914 #23 #31 1 281 #23 #18 19 1 911 #1 911 5 6 322 #23 #18 1 912 1 915 #31 1 281 #23 #
1 5 1 917 3 6 1 12 8 3 1 #1 252 1 726 5 1 134 #
1 918 5 1 252 1 919 5 6 7 8 3 1 252 1 919 #6 1 918 #
1 918 5 1 252 1 919 5 6 7 8 3 1 252 1 919 #6 1 918 #1 920 1 46 5 6 7 8 3 1 920 1 46 #
1 918 5 1 252 1 919 5 6 7 8 3 1 252 1 919 #6 1 918 #1 920 1 46 5 6 7 8 3 1 920 1 46 #1 920 1 750 1 921 5 1 17 #
1 918 5 1 252 1 919 5 6 7 8 3 1 252 1 919 #6 1 918 #1 920 1 46 5 6 7 8 3 1 920 1 46 #1 920 1 750 1 921 5 1 17 #1 920 1 750 1 922 5 1 17 #
1 918 5 1 252 1 919 5 6 7 8 3 1 252 1 919 #6 1 918 #1 920 1 46 5 6 7 8 3 1 920 1 46 #1 920 1 750 1 921 5 1 17 #1 920 1 750 1 922 5 1 17 #1 920 1 750 1 923 5 1 17 #
1 918 5 1 252 1 919 5 6 7 8 3 1 252 1 919 #6 1 918 #1 920 1 46 5 6 7 8 3 1 920 1 46 #1 920 1 750 1 921 5 1 17 #1 920 1 750 1 922 5 1 17 #1 920 1 750 1 923 5 1 17 #1 920 1 750 1 924 5 1 17 #
1 918 5 1 252 1 919 5 6 7 8 3 1 252 1 919 #6 1 918 #1 920 1 46 5 6 7 8 3 1 920 1 46 #1 920 1 750 1 921 5 1 17 #1 920 1 750 1 922 5 1 17 #1 920 1 750 1 923 5 1 17 #1 920 1 750 1 924 5 1 17 #1 920 1 750 1 925 5 1 17 #
1 918 5 1 252 1 331 5 6 7 8 3 1 252 1 331 #6 1 918 #
1 918 5 1 252 1 331 5 6 7 8 3 1 252 1 331 #6 1 918 #1 920 1 84 5 6 7 8 3 1 920 1 84 #
1 926 3 1 5 6 7 8 3 1 #1 252 1 5 1 17 #
1 926 3 1 5 6 7 8 3 1 #1 252 1 5 1 17 #1 252 1 849 5 1 927 #1 252 1 928 5 1 929 #1 252 1 930 5 1 17 1 53 1 33 1 931 1 932 3 65 #1 252 1 933 5 11 1 53 1 33 1 931 1 932 3 65 #1 252 1 934 5 1 929 #1 252 1 935 5 1 929 #1 252 1 936 5 1 929 #1 252 1 937 5 1 938 #1 252 1 939 5 1 938 #1 252 1 940 5 1 938 #1 252 1 941 5 1 929 #6 1 207 46 #
1 926 3 1 5 6 7 8 3 1 #1 252 1 5 1 17 #1 252 1 849 5 1 927 #1 252 1 928 5 1 929 #1 252 1 930 5 1 17 1 53 1 33 1 931 1 932 3 65 #1 252 1 933 5 11 1 53 1 33 1 931 1 932 3 65 #1 252 1 934 5 1 929 #1 252 1 935 5 1 929 #1 252 1 936 5 1 929 #1 252 1 937 5 1 938 #1 252 1 939 5 1 938 #1 252 1 940 5 1 938 #1 252 1 941 5 1 929 #6 1 207 46 #6 1 207 46 #
1 926 3 1 5 6 46 #1 252 1 5 6 84 #
1 926 3 1 28 5 6 46 #6 1 207 1 17 #
1 942 3 1 5 6 7 8 3 1 #1 252 1 943 5 1 944 #
1 942 3 1 28 5 1 942 3 6 7 8 3 1 28 #6 1 945 1 944 #
1 946 5 6 1 252 1 947 #1 948 1 918 5 1 949 #1 948 1 918 5 1 950 #1 948 1 951 5 1 952 #1 948 1 953 5 6 1 252 1 954 1 685 #
1 946 5 6 1 252 1 947 #1 948 1 918 5 1 949 #1 948 1 918 5 1 950 #1 948 1 951 5 1 952 #1 948 1 953 5 6 1 252 1 954 1 955 11 #1 948 1 951 5 1 956 #1 948 1 953 5 6 1 252 1 954 1 955 11 #1 948 1 951 5 1 957 #1 948 1 953 5 6 1 252 1 954 1 955 11 #1 948 1 951 5 1 958 #1 948 1 953 5 1 17 #1 948 1 951 5 1 952 #1 948 1 953 5 6 1 252 1 954 1 685 #18 1 948 1 951 113 1 958 #18 19 1 948 1 953 #31 6 1 13 1 12 #21 1 651 1 959 1 90 525 #1 960 1 17 #23 #18 19 6 1 961 1 948 1 962 1 13 1 134 #31 6 1 13 1 12 #21 1 963 1 964 1 90 965 #1 948 1 962 966 1 967 1 53 1 968 1 17 #23 #23 #
1 946 5 6 1 252 1 947 #1 948 1 918 5 1 949 #1 948 1 918 5 1 950 #1 948 1 951 5 1 952 #1 948 1 953 5 6 1 252 1 954 1 955 11 #1 948 1 951 5 1 956 #1 948 1 953 5 6 1 252 1 954 1 955 11 #1 948 1 951 5 1 957 #1 948 1 953 5 6 1 252 1 954 1 955 11 #1 948 1 951 5 1 958 #1 948 1 953 5 1 17 #1 948 1 951 5 1 952 #1 948 1 953 5 6 1 252 1 954 1 685 #18 1 948 1 951 113 1 958 #18 19 1 948 1 953 #31 6 1 13 1 12 #21 1 651 1 959 1 90 525 #1 960 1 17 #23 #18 19 6 1 961 1 948 1 962 1 13 1 134 #31 6 1 13 1 12 #21 1 963 1 964 1 90 965 #1 948 1 962 966 1 967 1 53 1 968 1 17 #23 #23 #1 948 1 969 5 11 1 970 1 971 1 155 3 65 #
1 946 5 6 1 252 1 947 #1 948 1 918 5 1 949 #1 948 1 918 5 1 950 #1 948 1 951 5 1 952 #1 948 1 953 5 6 1 252 1 954 1 955 11 #1 948 1 951 5 1 956 #1 948 1 953 5 6 1 252 1 954 1 955 11 #1 948 1 951 5 1 957 #1 948 1 953 5 6 1 252 1 954 1 955 11 #1 948 1 951 5 1 958 #1 948 1 953 5 1 17 #1 948 1 951 5 1 952 #1 948 1 953 5 6 1 252 1 954 1 685 #18 1 948 1 951 113 1 958 #18 19 1 948 1 953 #31 6 1 13 1 12 #21 1 651 1 959 1 90 525 #1 960 1 17 #23 #18 19 6 1 961 1 948 1 962 1 13 1 134 #31 6 1 13 1 12 #21 1 963 1 964 1 90 965 #1 948 1 962 966 1 967 1 53 1 968 1 17 #23 #23 #18 1 948 1 951 55 1 958 #31 21 1 963 1 904 1 972 1 53 21 #21 1 10 535 1 973 1 946 1 974 #23 #1 948 1 969 5 6 1 975 #
1 976 3 1 977 5 6 324 1 12 8 3 1 977 #1 978 1 979 5 1 979 #
1 980 5 1 981 3 6 7 8 3 1 980 #1 5 6 1 982 1 983 103 104 3 103 3 1 106 #1 409 1 984 46 #1 985 5 1 986 1 #
18 6 1 512 21 1 987 #1 988 5 6 7 989 1 525 6 1 286 11 #1 990 5 1 944 #23 #24 18 6 1 512 21 1 991 #1 988 5 6 7 1 #23 #24 18 6 1 512 21 1 992 #1 988 5 6 7 6 1 #23 #24 18 6 1 512 21 1 993 #1 988 5 6 7 6 1 #23 #24 18 6 1 512 21 1 994 #1 988 5 6 7 6 1 #1 990 5 1 944 #23 #24 18 3 1 111 81 6 1 995 11 207 21 1 996 #18 3 1 111 55 997 #1 407 5 6 1 #24 18 3 1 111 55 998 #1 407 5 6 1 #24 #31 1 17 #1 988 5 6 7 512 1 407 #1 990 5 1 944 #23 #24 18 6 1 111 416 11 81 6 1 995 11 207 21 1 999 11 #18 3 1 111 55 997 #1 407 5 6 1 #24 18 3 1 111 55 998 #1 407 5 6 1 #24 #31 1 17 #1 988 5 6 7 1 1000 1 995 11 #1 990 5 1 944 #23 #24 18 6 1 512 21 1 1001 #1 148 5 6 1 1002 3 1 252 1 1003 1 1004 1 1005 #1 988 5 6 7 #1 148 55 1 1006 56 21 1 1007 57 6 1 148 #1 990 5 1 944 #23 #24 18 6 1 512 21 1 1008 #1 148 5 6 1 1002 3 1 252 1 1003 1 1009 1 1010 1 1005 #1 988 5 6 7 #1 148 55 1 1006 56 21 1 1007 57 6 1 148 #1 990 5 1 944 #23 #24 18 6 1 512 21 1 1011 #1 988 5 6 7 1 #23 #
1 988 5 6 7 1012 11 #289 5 6 1 1013 1 1014 289 #1 1015 5 1 276 #
1 988 5 6 7 1012 11 #289 5 6 1 1013 1 1014 289 #1 1015 5 1 276 #
1 988 5 6 7 1012 11 #289 5 6 1 1013 1 1014 289 #1 1015 5 1 276 #
1 1016 5 6 7 8 1 981 #18 6 1 1017 1 68 1 1018 1 409 1 984 46 113 1 269 #31 1 17 #31 1 1019 1 53 #
1 1020 3 1 1021 5 6 1 1022 1 902 1 85 #18 1 1021 #18 1 1023 1 480 113 1 669 #6 1 1023 1 1024 1 1025 1 1026 3 65 #1 1023 1 1024 5 1 17 #23 #23 #24 #1 1021 5 6 8 3 1 1021 #1 1023 1 1027 5 11 1 946 1 89 1 904 535 1 1028 1 1029 1 1030 3 65 #1 1023 1 1024 5 1 17 #23 #1 1023 1 480 5 1 669 #
1 494 5 6 7 8 254 1 1031 #1 1032 1 134 5 46 #
104 3 1 988 5 1 17 #1 988 5 6 7 1 1012 11 #1 289 5 6 1 1013 1 1014 1 289 #1 1033 1 1034 5 1 276 #
18 19 1 11 96 19 3 1 84 5 6 7 11 207 8 104 3 #3 1 84 5 1 17 #31 1 944 #23 #
1 662 5 3 1 1035 #18 6 1 1036 1 662 113 11 #3 1 1035 5 1 17 #6 1 352 1 649 1 1037 1 13 1 1038 6 11 #1039 1 1040 1 1041 1 13 1 13 1 147 #31 #23 #1 111 5 1 1042 1 1043 #
1 662 5 3 1 1035 #18 6 1 1036 1 662 113 11 #3 1 1035 5 1 17 #6 1 352 1 649 1 1037 1 13 1 1038 6 11 #1039 1 1040 1 1041 1 13 1 13 1 147 #31 #23 #1 111 5 1 1042 1 1043 #1 1042 1 1044 5 1 111 #
1 1042 1 1044 5 1 111 #1 662 5 3 1 1035 #18 6 1 1036 1 662 113 11 #3 1 1035 5 1 17 #6 1 352 1 649 1 1037 1 13 1 1038 6 11 #1039 1 1040 1 1041 1 13 1 13 1 147 #31 #23 #1 111 5 1 1042 1 1043 #
103 1 767 3 111 207 111 207 1 17 #
1 767 3 111 207 111 207 1 207 1 281 #
1 1045 1 1046 1 1047 207 1 207 1 281 #
1 1045 1 1046 1 1048 84 207 1 207 1 281 #
1 1045 84 #
1 1045 1 1046 1 1048 84 207 1 207 1 281 #
1 1045 1 1046 1 1048 84 207 1 207 1 281 #
1 1049 84 #
111 207 1 281 #
512 1 1050 207 1 281 #
6 1 1051 1052 207 #
7 1 1038 1 68 1 1053 1 1054 1 1055 207 1 17 #
6 1056 1 1057 1 1058 3 322 207 322 207 1 281 #
6 1056 1 1059 1 1058 3 375 1052 3 1 148 207 375 1 148 207 1 207 1 281 #
7 1 264 1 207 1 207 1 281 #
375 1 207 1 1060 207 1 1061 #
1 4 5 1 1062 3 6 39 8 1 1062 #1 9 1 1063 5 1 111 56 1 1064 57 1 1065 1 1066 #
1 4 5 1 1067 3 6 39 8 1 1067 #1 9 1 1068 5 1069 #
1 4 5 1 1067 3 6 39 8 1 1067 #1 9 1 1068 5 1069 #1 9 1 1070 5 1071 #1 9 1 1072 5 6 39 11 #6 1 9 1 1073 21 1 1074 21 1 1075 #6 1 9 1 1073 21 1 1076 21 1 1075 #1 9 1 1077 5 6 39 11 207 8 1 1078 3 #
1 1067 3 1 4 5 1 1067 3 #6 7 1 94 8 1 1067 #1 9 1 1068 5 1 1079 1 1068 #
1 1067 3 1 4 5 1 1067 3 #6 7 1 94 8 1 1067 #1 9 1 1068 5 1 1079 1 1068 #1 9 1 1070 5 1 1079 1 1070 #
1 1067 3 1 4 5 1 1067 3 #6 7 1 94 8 1 1067 #1 9 1 1068 5 1 1079 1 1068 #1 9 1 1070 5 1 1079 1 1070 #1 9 1 1077 5 6 7 1 14 1 369 1 1079 1 1077 #
1 1067 3 1 247 5 6 332 1 1080 #1052 3 3 1 1081 5 1052 3 3 6 1 248 1 1077 #
1052 3 3 1 1081 5 1052 3 3 6 1 248 1 1077 #3 1 1081 5 1 1082 #
1 1067 3 1 247 5 6 332 1 1080 #1052 3 3 1 1081 5 1052 3 3 6 1 248 1 1083 #
1052 3 3 1 1081 5 1052 3 3 6 1 248 1 1083 #3 1 1081 5 1 1084 #
1 1081 5 1052 3 3 6 1 9 1 1085 #3 1 1081 5 1 1084 #
1 1062 3 1 79 5 6 1 1086 128 1 1087 #18 19 1 9 1 1088 #1 9 1 1088 5 6 7 11 207 8 1 1078 3 #23 #18 1 41 1 1089 128 1 1090 #108 1 1091 5 11 #18 1 9 1 1092 1 364 416 11 #1 1062 3 1 61 #1 1078 3 1 1093 5 6 1 9 1 1094 #1 9 1 1092 1 364 122 11 207 #1 1078 3 #1 61 5 6 1 1095 128 1 1087 #18 1 1096 1 1089 128 1 1097 #1 1091 5 11 #23 #18 19 1 1091 #31 1098 1 1099 1 552 1 1100 1 73 1 1101 1 1102 552 1 416 1 21 #1098 1 1100 1 73 1 1 147 1 1103 #23 #
1 1062 3 1 79 5 6 1 1086 128 1 1087 #18 19 1 9 1 1088 #1 9 1 1088 5 6 7 11 207 8 1 1078 3 #23 #18 1 41 1 1089 128 1 1090 #108 1 1091 5 11 #18 1 9 1 1092 1 364 416 11 #1 1062 3 1 61 #1 1078 3 1 1093 5 6 1 9 1 1094 #1 9 1 1092 1 364 122 11 207 #1 1078 3 #1 61 5 6 1 1095 128 1 1087 #18 1 1096 1 1089 128 1 1097 #1 1091 5 11 #23 #18 19 1 1091 #31 1098 1 1099 1 552 1 1100 1 73 1 1101 1 1102 552 1 416 1 21 #1098 1 1100 1 73 1 1 147 1 1103 #23 #
1 1081 5 1052 3 3 6 1 9 1 1088 #3 1 1081 5 1 30 #
1 1062 3 1 4 5 #1 1062 3 6 239 1 1104 #31 1 9 1 1063 #
1 779 3 1 247 5 6 239 1 781 #18 1 248 1 1105 #31 1 248 1 1105 #
1 779 3 1 4 5 6 239 1 781 #18 1 9 1 1106 #31 1 9 1 1106 #24 #31 351 #
1 779 3 1 4 5 6 239 1 781 #18 1 9 1 1107 #31 1 9 1 1107 #24 #31 6 111 #
1 779 3 1 4 5 6 239 1 781 #1 9 1 1105 5 1 1105 #
1 779 3 1 4 5 6 239 1 781 #1 9 1 1106 5 1 1106 #
1 779 3 1 4 5 6 239 1 781 #1 9 1 1106 5 1 1106 #1 9 1 1107 5 1 1107 #
1 779 3 1 1108 5 6 239 1 781 #18 1 1109 1 1110 113 1 17 81 #1 1109 1 1111 1 1112 113 1 17 #31 1 1109 1 1111 1 1112 #23 #
1 779 3 1 1108 5 6 239 1 781 #18 1 1109 1 1110 113 1 17 81 #1 1109 1 1111 1 1112 113 1 17 #31 1 1109 1 1111 1 1112 #23 #
1 1062 3 148 5 #1 1062 3 6 239 1 1104 #1113 13 1 1114 #583 1 1115 #583 1 1116 #583 1 1117 #18 13 1 1118 55 1 1119 #1 1120 5 239 1 1121 1 275 56 239 1 1121 1 1120 57 #239 1 678 1 1122 1 1120 56 239 1 678 1 1122 1 1120 57 #239 1 174 1 1120 56 239 1 174 1 1120 57 #6 111 #24 1 1123 1 1 1124 3 65 #1 1120 5 239 1 1121 1 275 56 239 1 1121 1 1120 57 #239 1 174 1 1120 56 239 1 174 1 1120 57 #6 111 #601 #583 1 1125 #1 90 1 1126 6 1 148 1 1 265 1 1127 1 1128 1 11 160 11 #3 1 521 1 335 1 36 1 36 1 274 1 148 1 1120 1 1129 1 1 36 #3 1 1130 1 116 1 1 1131 89 1 1132 1 147 535 1 36 #3 1 1133 1 1 1 1120 1 84 1 1129 1 1 36 1 1130 #3 1 1134 1 521 1 967 1 36 1 1120 1 1135 1 1 36 1 1136 18 #3 1 193 1 1 1137 1 148 1 1138 1 36 63 1 1120 535 1 36 1 1139 #3 1 1140 #3 65 #18 13 1 1118 55 1 1119 #1 1120 5 239 1 174 1 1120 56 239 1 174 1 1120 57 #239 1 678 1 1122 1 1120 56 239 1 678 1 1122 1 1120 57 #6 111 #24 1 1123 1 1 1124 3 65 #1 1120 5 239 1 174 1 1120 56 239 1 174 1 1120 57 #6 111 #601 #1141 #6 1 352 1 649 11 207 512 6 11 #21 1 1142 1 651 1 1143 1 1144 1 1145 #1 1120 5 6 111 #601 #23 #
1 1062 3 148 5 #1 1062 3 6 239 1 1104 #18 13 1 1146 55 1 1147 #31 1 1148 #23 #31 13 1 1146 #
1 1067 3 1 4 5 6 1 247 #1 9 1 1070 5 6 1 13 1 12 1 28 #
1 988 5 1 1149 5 128 1 1150 1 1151 #1 1152 1 29 5 1 322 552 1 1153 #56 128 1 1150 1 1151 #57 254 1 265 3 6 7 #8 3 1 1152 1 29 #
1 988 5 1 1149 5 128 1 1150 1 1151 #1 1152 1 29 5 1 17 #1 1152 1 33 5 1 1154 #1 1152 1 289 5 84 122 1 1154 #1 1155 5 1 1152 1 289 #18 1 1152 1 289 #1 1152 1 29 5 1 322 552 1 1153 #56 128 1 1150 1 1151 #57 254 1 265 3 6 7 #8 3 1 1152 1 29 #1 1149 5 1 1152 1 29 #1 1152 1 29 5 1 17 #1 1152 1 289 5 11 #23 #
1 988 5 1 1149 5 128 1 1150 1 1151 #1 1152 1 29 5 1 17 #1 1152 1 33 5 1 1154 #1 1152 1 289 5 84 122 1 1154 #1 1155 5 1 1152 1 289 #18 1 1152 1 289 #1 1152 1 29 5 1 322 552 1 1153 #56 128 1 1150 1 1151 #57 254 1 265 3 6 7 #8 3 1 1152 1 29 #1 1149 5 1 1152 1 29 #1 1152 1 29 5 1 17 #1 1152 1 289 5 11 #23 #1 1152 1 33 5 1 1154 #
884 5 6 8 3 884 207 1156 1 61 #293 1 437 5 1 446 #
884 5 6 8 3 884 207 1156 1 61 #1157 5 6 653 1054 11 207 11 #1156 1 241 5 128 1 1158 #
1 1067 3 1 4 5 6 332 1 1080 #1 1159 5 6 1 9 1 1073 1 1160 #
1 1161 5 6 7 8 1 1162 #1 1163 1 29 5 1 1164 #
18 19 3 1 1165 #108 559 #6 1 1166 #6 #3 1 1165 5 11 #1 1167 5 11 #1 1168 1 1169 1 1170 1 1171 5 11 #535 559 5 11 559 552 1 1172 1173 #6 1 1174 759 #1 1175 1 17 #23 #1 181 1 1 36 1 1176 1 1177 3 65 #6 1 1178 1 1179 #23 #
1 1180 3 7 1 1181 3 84 207 7 84 207 1 207 1 281 #
1 1049 84 207 1 207 1 281 #
1 1045 1 1046 84 207 1 281 #
1 1182 1 1014 1 1183 207 1 281 #
380 1 1184 1 1185 207 1 1186 #
354 1 289 #
354 1 68 1 288 1 1187 1 437 #
207 1 17 #
1 767 3 111 207 111 207 1 281 #
1 767 3 111 207 111 207 1 281 #
1 767 3 111 207 111 207 1 281 #
1 767 3 111 207 111 207 1 207 1 281 #
1 767 3 111 207 111 207 1 281 #
1 767 3 111 207 111 207 1 207 1 281 #
1 767 3 111 207 111 207 1 281 #
1 767 3 111 207 111 207 1 281 #
6 1 1188 1 767 3 111 207 111 #
1 767 3 111 207 111 207 1 207 1 281 #
7 1 1189 207 1 207 1 281 #
18 19 1 884 #31 122 11 #31 6 1 293 1 1190 1 293 1 1191 #1 445 375 1 17 #
1 622 207 1 281 #
1 1192 1 1193 5 6 11 207 1 1194 1 1195 #
1 1192 1 1193 5 6 11 207 1 1194 1 1195 #1 1196 1 1197 5 1 1194 1 1195 #
1 142 5 6 7 8 3 1 142 #1 681 1 1198 5 1 1199 #
104 3 1 5 1 84 #3 1 605 5 1200 #
104 3 3 1 1183 5 104 3 3 6 7 1 1201 1 364 286 11 3 8 104 3 #1 1202 5 6 7 21 1 1203 1 207 1 17 #
79 5 6 7 1 207 1 85 #18 1204 1 85 122 11 124 55 170 3 170 #18 1 85 552 11 #1 1205 5 11 #23 #24 18 1204 1 85 122 11 124 55 1206 #1204 1 85 122 11 124 5 292 11 170 #1 1205 5 11 #23 #23 #
